[gd_scene load_steps=4 format=3 uid="uid://dmkkfyipdgh3m"]

[ext_resource type="Script" path="res://Main/main_game.gd" id="1_6npne"]
[ext_resource type="PackedScene" uid="uid://do1pmtbmc423e" path="res://UI/pause_menu.tscn" id="2_p6mxi"]
[ext_resource type="Material" uid="uid://cxy3baspdt2jv" path="res://Materials/marble.tres" id="13_dgv75"]

[node name="Stage 2" type="Node3D"]
script = ExtResource("1_6npne")
pause_menu_scene = ExtResource("2_p6mxi")

[node name="Section1" type="Node3D" parent="."]

[node name="Walls" type="CSGCombiner3D" parent="Section1"]
transform = Transform3D(1, 0, 0, 0, 1, 0, 0, 0, 1, 0, 8, 0)
material_override = ExtResource("13_dgv75")
use_collision = true

[node name="Outer Wall" type="CSGCylinder3D" parent="Section1/Walls"]
radius = 23.0
height = 40.0
sides = 28

[node name="Inner Wall" type="CSGCylinder3D" parent="Section1/Walls"]
transform = Transform3D(1, 0, 0, 0, 1, 0, 0, 0, 1, 0, 6, 0)
operation = 2
radius = 20.0
height = 32.0
sides = 28

[node name="Dome Window" type="CSGCylinder3D" parent="Section1/Walls"]
transform = Transform3D(1, 0, 0, 0, 1, 0, 0, 0, 1, 0, -16, 0)
operation = 2
radius = 12.0
height = 16.0
sides = 28

[node name="Dome Window2" type="CSGCylinder3D" parent="Section1/Walls"]
transform = Transform3D(1, 0, 0, 0, 1, 0, 0, 0, 1, 0, -18, 0)
operation = 2
radius = 18.0
height = 12.0
sides = 28

[node name="Cut1" type="CSGBox3D" parent="Section1/Walls"]
transform = Transform3D(0.961588, 0, 0.274496, 0, 1, 0, -0.274496, 0, 0.961588, 9.667, 5.5, -19.785)
operation = 2
size = Vector3(10, 4, 10)

[node name="Cut2" type="CSGBox3D" parent="Section1/Walls"]
transform = Transform3D(0.5, 0.356382, 0.789298, 0, 0.911403, -0.411514, -0.866025, 0.205757, 0.455701, 9.72445, 7.08593, -19.7265)
operation = 2
size = Vector3(6, 4, 7)

[node name="CSGPolygon3D" type="CSGPolygon3D" parent="Section1/Walls"]
transform = Transform3D(-0.580632, 0, -0.814166, 0, 1, 0, 0.814166, 0, -0.580632, 14.5237, 19.2104, 11.209)
operation = 2
polygon = PackedVector2Array(-5, 1, -3, -6, 0.5, -14, 1, -8, 2, -10, 5, 1)
depth = 5.0

[node name="Platform" type="CSGCombiner3D" parent="Section1"]
transform = Transform3D(1, 0, 0, 0, 1, 0, 0, 0, 1, 0, 3, 0)
material_override = ExtResource("13_dgv75")
use_collision = true

[node name="Mesh" type="CSGCylinder3D" parent="Section1/Platform"]
radius = 20.0
height = 1.0
sides = 28

[node name="CentralCut" type="CSGCylinder3D" parent="Section1/Platform"]
operation = 2
radius = 13.0
height = 1.5
sides = 28

[node name="Cut1" type="CSGBox3D" parent="Section1/Platform"]
transform = Transform3D(1, 0, 0, 0, 1, 0, 0, 0, 1, 11, 0, 0)
operation = 2
size = Vector3(22, 1.5, 50)

[node name="Cut2" type="CSGBox3D" parent="Section1/Platform"]
transform = Transform3D(1, 0, 0, 0, 1, 0, 0, 0, 1, 0, 0, -11)
operation = 2
size = Vector3(50, 1.5, 22)

[node name="Platform2" type="CSGCombiner3D" parent="Section1"]
transform = Transform3D(-0.399357, 0, 0.916795, 0, 1, 0, -0.916795, 0, -0.399357, 0, 6, 0)
material_override = ExtResource("13_dgv75")
use_collision = true

[node name="Mesh" type="CSGCylinder3D" parent="Section1/Platform2"]
radius = 20.0
height = 1.0
sides = 28

[node name="CentralCut" type="CSGCylinder3D" parent="Section1/Platform2"]
operation = 2
radius = 13.0
height = 1.5
sides = 28

[node name="Cut1" type="CSGBox3D" parent="Section1/Platform2"]
transform = Transform3D(0.98928, 0, -0.146031, 0, 1, 0, 0.146031, 0, 0.98928, 11, 0, 0)
operation = 2
size = Vector3(22, 1.5, 50)

[node name="Cut2" type="CSGBox3D" parent="Section1/Platform2"]
transform = Transform3D(1, 0, 0, 0, 1, 0, 0, 0, 1, 0, 0, -11)
operation = 2
size = Vector3(50, 1.5, 22)

[node name="Platform3" type="CSGCombiner3D" parent="Section1"]
transform = Transform3D(-0.975149, 0, -0.221549, 0, 1, 0, 0.221549, 0, -0.975149, 0, 11, 0)
material_override = ExtResource("13_dgv75")
use_collision = true

[node name="Mesh" type="CSGCylinder3D" parent="Section1/Platform3"]
radius = 20.0
height = 1.0
sides = 28

[node name="CentralCut" type="CSGCylinder3D" parent="Section1/Platform3"]
operation = 2
radius = 19.5
height = 1.5
sides = 28

[node name="Cut1" type="CSGBox3D" parent="Section1/Platform3"]
transform = Transform3D(0.98928, 0, -0.146031, 0, 1, 0, 0.146031, 0, 0.98928, 11, 0, 0)
operation = 2
size = Vector3(22, 1.5, 50)

[node name="Cut2" type="CSGBox3D" parent="Section1/Platform3"]
transform = Transform3D(0.973555, 0, 0.228453, 0, 1, 0, -0.228453, 0, 0.973555, 0, 0, -11)
operation = 2
size = Vector3(50, 1.5, 22)

[node name="Platform4" type="CSGCombiner3D" parent="Section1"]
transform = Transform3D(0.225138, 0, -0.974327, 0, 1, 0, 0.974327, 0, 0.225138, 0, 17.5, 0)
material_override = ExtResource("13_dgv75")
use_collision = true

[node name="Mesh" type="CSGCylinder3D" parent="Section1/Platform4"]
radius = 20.0
height = 1.0
sides = 28

[node name="CentralCut" type="CSGCylinder3D" parent="Section1/Platform4"]
operation = 2
radius = 14.0
height = 1.5
sides = 28

[node name="Cut1" type="CSGBox3D" parent="Section1/Platform4"]
transform = Transform3D(0.946869, 0, -0.321621, 0, 1, 0, 0.321621, 0, 0.946869, 11, 0, 0)
operation = 2
size = Vector3(22, 1.5, 50)

[node name="Cut2" type="CSGBox3D" parent="Section1/Platform4"]
transform = Transform3D(1, 0, 0, 0, 1, 0, 0, 0, 1, 0, 0, -11)
operation = 2
size = Vector3(50, 1.5, 22)

[node name="Cut3" type="CSGBox3D" parent="Section1/Platform4"]
transform = Transform3D(1, 0, 1.49012e-07, 0, 1, 0, -1.49012e-07, 0, 1, -15.7965, 0, 8.72127)
operation = 2
size = Vector3(5.91504, 1.5, 3.03076)

[node name="Cut4" type="CSGBox3D" parent="Section1/Platform4"]
transform = Transform3D(0.612522, 0, 0.790455, 0, 1, 0, -0.790455, 0, 0.612522, -12.8295, 0, 8.7314)
operation = 2
size = Vector3(4.60303, 1.5, 2.89417)

[node name="Cut5" type="CSGBox3D" parent="Section1/Platform4"]
transform = Transform3D(-0.741157, 0, 0.671334, 0, 1, 0, -0.671334, 0, -0.741157, -11.2165, 0, 10.0274)
operation = 2
size = Vector3(5.19672, 1.5, 2.44412)

[node name="Platform5" type="CSGCombiner3D" parent="Section1"]
transform = Transform3D(0.948617, 0, 0.316427, 0, 1, 0, -0.316427, 0, 0.948617, 0, 20, 0)
material_override = ExtResource("13_dgv75")
use_collision = true

[node name="Mesh" type="CSGCylinder3D" parent="Section1/Platform5"]
radius = 20.0
height = 1.0
sides = 28

[node name="CentralCut" type="CSGCylinder3D" parent="Section1/Platform5"]
operation = 2
radius = 11.0
height = 1.5
sides = 28

[node name="Cut1" type="CSGBox3D" parent="Section1/Platform5"]
transform = Transform3D(0.947741, 0, 0.319042, 0, 1, 0, -0.319042, 0, 0.947741, 11, 0, -4.76837e-07)
operation = 2
size = Vector3(22, 1.5, 50)

[node name="Cut2" type="CSGBox3D" parent="Section1/Platform5"]
transform = Transform3D(0.999274, 0, 0.0381088, 0, 1, 0, -0.0381088, 0, 0.999274, -2.38419e-07, 0, -11)
operation = 2
size = Vector3(50, 1.5, 22)

[node name="Cut3" type="CSGBox3D" parent="Section1/Platform5"]
transform = Transform3D(0.845988, 0, 0.533201, 0, 1, 0, -0.533201, 0, 0.845988, -13.3806, 0, 7.39003)
operation = 2
size = Vector3(10.3077, 1.5, 6)

[node name="Cut4" type="CSGBox3D" parent="Section1/Platform5"]
transform = Transform3D(0.28353, 0, 0.958963, 0, 1, 0, -0.958963, 0, 0.28353, -6.73565, 0, 13.6679)
operation = 2
size = Vector3(11.4097, 1.5, 5.45483)

[node name="Section2" type="Node3D" parent="."]
transform = Transform3D(1, 0, 0, 0, 1, 0, 0, 0, 1, 0, 27.5, 0)

[node name="Base" type="CSGCombiner3D" parent="Section2"]
transform = Transform3D(0.899138, 0, 0.437665, 0, 1, 0, -0.437665, 0, 0.899138, 0, 0, 0)
material_override = ExtResource("13_dgv75")
use_collision = true

[node name="MeshInner" type="CSGCylinder3D" parent="Section2/Base"]
transform = Transform3D(1, 0, 0, 0, 1, 0, 0, 0, 1, 0, 1.5, 0)
radius = 12.0
sides = 28

[node name="Stairs" type="CSGBox3D" parent="Section2/Base/MeshInner"]
transform = Transform3D(0.707107, -0.241845, 0.664463, 0, 0.939693, 0.34202, -0.707107, -0.241845, 0.664463, -8, 0.5, -8)
operation = 2
size = Vector3(8, 3, 12)

[node name="Mesh" type="CSGCylinder3D" parent="Section2/Base"]
radius = 20.0
height = 1.0
sides = 28

[node name="Cut1" type="CSGBox3D" parent="Section2/Base/Mesh"]
transform = Transform3D(0.707107, 0, 0.707107, 0, 1, 0, -0.707107, 0, 0.707107, 3, 0, -20)
operation = 2
size = Vector3(19, 1.5, 28)

[node name="Cut2" type="CSGBox3D" parent="Section2/Base/Mesh"]
transform = Transform3D(0.707107, 0, 0.707107, 0, 1, 0, -0.707107, 0, 0.707107, -20, 0, 3)
operation = 2
size = Vector3(19, 1.5, 28)

[node name="Cut3" type="CSGBox3D" parent="Section2/Base"]
transform = Transform3D(0.974193, 0, 0.225716, 0, 1, 0, -0.225716, 0, 0.974193, 5.64701, 1, 14.1848)
operation = 2
size = Vector3(8.18126, 4, 10.3548)

[node name="Cut4" type="CSGBox3D" parent="Section2/Base"]
transform = Transform3D(-0.600057, 0, 0.799957, 0, 1, 0, -0.799957, 0, -0.600057, 9.27, 1, 11.802)
operation = 2
size = Vector3(10.322, 4, 4.984)

[node name="Cut5" type="CSGBox3D" parent="Section2/Base"]
transform = Transform3D(-0.969184, 0, 0.246339, 0, 1, 0, -0.246339, 0, -0.969184, 6.46717, 1, 13.4032)
operation = 2
size = Vector3(9.77271, 4, 12.0486)

[node name="Midcap" type="CSGCombiner3D" parent="Section2"]
transform = Transform3D(1, 0, 0, 0, 1, 0, 0, 0, 1, 0, 23.5, 0)
material_override = ExtResource("13_dgv75")
use_collision = true

[node name="Mesh" type="CSGCylinder3D" parent="Section2/Midcap"]
radius = 12.0
sides = 28

[node name="Cut1" type="CSGBox3D" parent="Section2/Midcap/Mesh"]
transform = Transform3D(0.953053, 0, 0.302802, 0, 1, 0, -0.302802, 0, 0.953053, 9.52957, 0, 7.59019)
operation = 2
size = Vector3(7.15234, 3, 6)

[node name="Cut2" type="CSGBox3D" parent="Section2/Midcap/Mesh"]
transform = Transform3D(0.824156, 0, -0.566363, 0, 1, 0, 0.566363, 0, 0.824156, 9.993, 0, 7.493)
operation = 2
size = Vector3(7.15234, 3, 6.27087)

[node name="Cut3" type="CSGBox3D" parent="Section2/Midcap/Mesh"]
transform = Transform3D(0.953053, 0, 0.302802, 0, 1, 0, -0.302802, 0, 0.953053, -0.740087, 0, -10.6056)
operation = 2
size = Vector3(7.15234, 3, 6)

[node name="Cut4" type="CSGBox3D" parent="Section2/Midcap/Mesh"]
transform = Transform3D(0.824156, 0, -0.566363, 0, 1, 0, 0.566363, 0, 0.824156, -0.276653, 0, -10.7028)
operation = 2
size = Vector3(7.15234, 3, 6.27087)

[node name="Broken Wall" type="CSGCombiner3D" parent="Section2"]
transform = Transform3D(0.258118, 0.515094, 0.817345, -0.95542, 0.261619, 0.136848, -0.143343, -0.816231, 0.559659, 7.59633, 25.0128, -15.5485)
material_override = ExtResource("13_dgv75")
use_collision = true

[node name="Platform" type="CSGCylinder3D" parent="Section2/Broken Wall"]
radius = 17.0
height = 10.0
sides = 28

[node name="Interior" type="CSGCylinder3D" parent="Section2/Broken Wall"]
operation = 2
radius = 15.0
height = 11.0
sides = 28

[node name="Cut1" type="CSGBox3D" parent="Section2/Broken Wall"]
transform = Transform3D(1, 0, 0, 0, 1, 0, 0, 0, 1, -3, 0, 0)
operation = 2
size = Vector3(30, 11, 40)

[node name="Cut2" type="CSGBox3D" parent="Section2/Broken Wall"]
transform = Transform3D(0.544833, -0.196789, 0.815126, 0.34202, 0.939691, -0.00174533, -0.765624, 0.27974, 0.57928, 10.3821, 0, 14.0798)
operation = 2
size = Vector3(10, 10, 10)

[node name="Cut3" type="CSGBox3D" parent="Section2/Broken Wall"]
transform = Transform3D(0.796842, 0.0140883, 0.604022, -0.284671, 0.89056, 0.354773, -0.53292, -0.454646, 0.713647, 7.00091, 3.20766, -12.1711)
operation = 2
size = Vector3(10, 10, 10)

[node name="Cut4" type="CSGBox3D" parent="Section2/Broken Wall"]
transform = Transform3D(-0.461342, 0.279367, 0.84209, -0.839209, 0.170593, -0.516358, -0.287908, -0.944907, 0.155746, 19.0031, 5.88967, 1.29803)
operation = 2
size = Vector3(10, 10, 10)

[node name="Broken Wall2" type="CSGCombiner3D" parent="Section2"]
transform = Transform3D(-0.271143, 0.930995, -0.244398, -0.924984, -0.181792, 0.3337, 0.266243, 0.316545, 0.910447, -18.8616, 33.2003, -2.45967)
material_override = ExtResource("13_dgv75")
use_collision = true

[node name="Platform" type="CSGCylinder3D" parent="Section2/Broken Wall2"]
radius = 17.0
height = 9.0
sides = 28

[node name="Interior" type="CSGCylinder3D" parent="Section2/Broken Wall2"]
operation = 2
radius = 15.0
height = 10.0
sides = 28

[node name="Cut1" type="CSGBox3D" parent="Section2/Broken Wall2"]
transform = Transform3D(0.950097, 0, 0.311954, 0, 1, 0, -0.311954, 0, 0.950097, -2.1386, 0, 3.11376)
operation = 2
size = Vector3(32.7925, 10, 40)

[node name="Cut2" type="CSGBox3D" parent="Section2/Broken Wall2"]
transform = Transform3D(1, 0, 0, 0, 0.9996, 0.0282705, 0, -0.0282706, 0.9996, 16.7986, 8.55497, 1.97432)
operation = 2
size = Vector3(10, 10, 13.8868)

[node name="Cut3" type="CSGBox3D" parent="Section2/Broken Wall2"]
transform = Transform3D(0.796842, 0.0140883, 0.604022, 0.286856, 0.871042, -0.398746, -0.531747, 0.491005, 0.690042, 7.00091, 3.20766, -12.1711)
operation = 2
size = Vector3(10, 10, 10)

[node name="Cut4" type="CSGBox3D" parent="Section2/Broken Wall2"]
transform = Transform3D(-0.461342, 0.279367, 0.84209, -0.839209, 0.170593, -0.516358, -0.287908, -0.944907, 0.155746, 19.0031, -4.90639, 1.29803)
operation = 2
size = Vector3(10, 10, 10)

[node name="Broken Wall3" type="CSGCombiner3D" parent="Section2"]
transform = Transform3D(-0.18798, -0.0327367, -0.981627, -0.171568, 0.985173, 0, 0.967071, 0.168416, -0.190809, 4.06729, 18.0292, 14.8664)
material_override = ExtResource("13_dgv75")
use_collision = true

[node name="Platform" type="CSGCylinder3D" parent="Section2/Broken Wall3"]
radius = 17.0
height = 9.0
sides = 28

[node name="Interior" type="CSGCylinder3D" parent="Section2/Broken Wall3"]
operation = 2
radius = 15.0
height = 10.0
sides = 28

[node name="Cut1" type="CSGBox3D" parent="Section2/Broken Wall3"]
transform = Transform3D(0.825649, 0, 0.564193, 0, 1, 0, -0.564193, 0, 0.82565, -3.4386, 0, 4.00209)
operation = 2
size = Vector3(29.6434, 10, 40)

[node name="Cut2" type="CSGBox3D" parent="Section2/Broken Wall3"]
transform = Transform3D(1, 0, 0, 0, 0.898847, -0.438261, 0, 0.438261, 0.898847, 16.7986, 7.30021, 3.13556)
operation = 2
size = Vector3(10, 10, 13.8868)

[node name="Cut3" type="CSGBox3D" parent="Section2/Broken Wall3"]
transform = Transform3D(0.796845, -0.25491, 0.547783, 0.286856, 0.957557, 0.0283128, -0.531748, 0.134574, 0.836146, 3.2893, 6.05327, -16.2313)
operation = 2
size = Vector3(10, 10, 14.2026)

[node name="Cut4" type="CSGBox3D" parent="Section2/Broken Wall3"]
transform = Transform3D(0.128754, 0.256441, 0.957967, -0.976178, -0.137462, 0.167996, 0.174766, -0.956754, 0.23263, 8.98602, -7.98674, -7.92022)
operation = 2
size = Vector3(10, 20.047, 17.7146)

[node name="Broken Platform" type="CSGCombiner3D" parent="Section2"]
transform = Transform3D(0.994522, -0.104528, 0, 0.104528, 0.994522, 0, 0, 0, 1, 10.048, 8, -33.406)
material_override = ExtResource("13_dgv75")
use_collision = true

[node name="Mesh" type="CSGCylinder3D" parent="Section2/Broken Platform"]
radius = 3.0

[node name="Cut1" type="CSGBox3D" parent="Section2/Broken Platform"]
transform = Transform3D(0.776101, -0.630608, 0, 0.6009, 0.739539, -0.303318, 0.191275, 0.235406, 0.952889, 1.885, -0.886009, -0.494934)
operation = 2
size = Vector3(5.78683, 1.98242, 6.37912)

[node name="Cut2" type="CSGBox3D" parent="Section2/Broken Platform"]
transform = Transform3D(-0.259931, -0.178054, -0.949069, 0.6009, 0.739539, -0.303318, 0.755881, -0.649137, -0.0852365, -3.643, -1.42315, 0.439178)
operation = 2
size = Vector3(5.78683, 3.43506, 6.37912)

[node name="Broken Platform2" type="CSGCombiner3D" parent="Section2"]
transform = Transform3D(-0.00908809, -0.17341, -0.984808, 0.0515408, 0.983458, -0.173648, 0.998629, -0.052336, -4.30473e-08, -14.9399, 21.8579, 6.85702)
material_override = ExtResource("13_dgv75")
use_collision = true

[node name="Mesh" type="CSGCylinder3D" parent="Section2/Broken Platform2"]
radius = 3.0

[node name="Cut1" type="CSGBox3D" parent="Section2/Broken Platform2"]
transform = Transform3D(0.982363, -0.175479, -0.0644868, 0.178145, 0.983263, 0.038191, 0.0567054, -0.0490051, 0.997173, 2.26905, -0.785137, 0.154086)
operation = 2
size = Vector3(4.92271, 1.98242, 6.22033)

[node name="Cut2" type="CSGBox3D" parent="Section2/Broken Platform2"]
transform = Transform3D(-0.431079, -0.255906, -0.865259, 0.220645, 0.899929, -0.376086, 0.874918, -0.353041, -0.331477, -3.18136, -0.906283, -1.28656)
operation = 2
size = Vector3(6.0399, 4.47144, 6.37912)

[node name="Section3" type="Node3D" parent="."]
transform = Transform3D(1, 0, 0, 0, 1, 0, 0, 0, 1, 0, 52, 0)

[node name="Topcap" type="CSGCombiner3D" parent="Section3"]
transform = Transform3D(1, 0, 0, 0, 1, 0, 0, 0, 1, 0, 21.5, 0)
material_override = ExtResource("13_dgv75")
use_collision = true

[node name="Mesh" type="CSGCylinder3D" parent="Section3/Topcap"]
radius = 11.0
sides = 28

[node name="Cut1" type="CSGBox3D" parent="Section3/Topcap/Mesh"]
transform = Transform3D(-0.233038, 0, -0.972467, 0, 1, 0, 0.972467, 0, -0.233038, 1.164, 0, 8.71901)
operation = 2
size = Vector3(9.51074, 3, 6)

[node name="Cut2" type="CSGBox3D" parent="Section3/Topcap/Mesh"]
transform = Transform3D(0.88515, 0, 0.465306, 0, 1, 0, -0.465306, 0, 0.88515, 5.21112, 0, 10.9509)
operation = 2
size = Vector3(7.15234, 3, 6.27087)

[node name="Cut3" type="CSGBox3D" parent="Section3/Topcap/Mesh"]
transform = Transform3D(0.953053, 0, 0.302802, 0, 1, 0, -0.302802, 0, 0.953053, -2.61983, 0, -5.49577)
operation = 2
size = Vector3(7.15234, 3, 6)

[node name="Cut4" type="CSGBox3D" parent="Section3/Topcap/Mesh"]
transform = Transform3D(0.536902, 0, -0.843644, 0, 1, 0, 0.843644, 0, 0.536902, -5.73287, 0, -7.63974)
operation = 2
size = Vector3(7.15234, 3, 6.27087)

[node name="InnerCut" type="CSGCylinder3D" parent="Section3/Topcap/Mesh"]
operation = 2
radius = 6.0

[node name="BrokenSmallWall" type="CSGCombiner3D" parent="Section3"]
transform = Transform3D(0.157817, -0.251651, 0.954864, -0.981135, -0.149299, 0.122812, 0.111655, -0.956233, -0.270466, -19.9851, 7.36643, -2.275)
material_override = ExtResource("13_dgv75")
use_collision = true

[node name="Mesh" type="CSGCylinder3D" parent="Section3/BrokenSmallWall"]
radius = 5.0
height = 8.0
sides = 14

[node name="InteriorCut" type="CSGCylinder3D" parent="Section3/BrokenSmallWall"]
operation = 2
radius = 4.0
height = 9.0
sides = 14

[node name="Cut1" type="CSGBox3D" parent="Section3/BrokenSmallWall"]
transform = Transform3D(0.988871, -0.148776, 0, 0.148776, 0.988871, 0, 0, 0, 1, 3, 0, 0)
operation = 2
size = Vector3(10, 10, 10)

[node name="Cut2" type="CSGBox3D" parent="Section3/BrokenSmallWall"]
transform = Transform3D(0.786576, 0.551981, 0.276796, -0.520682, 0.833857, -0.183228, -0.331947, 1.49012e-08, 0.943298, -0.914086, -1.2083, -0.873208)
operation = 2
size = Vector3(3, 10, 10)

[node name="BrokenSmallWall2" type="CSGCombiner3D" parent="Section3"]
transform = Transform3D(-0.266886, 0.714639, 0.646577, 0.948774, 0.312567, 0.0461538, -0.169115, 0.625773, -0.761451, 12.9288, 21.3108, 13.0862)
material_override = ExtResource("13_dgv75")
use_collision = true

[node name="Mesh" type="CSGCylinder3D" parent="Section3/BrokenSmallWall2"]
radius = 5.0
height = 8.0
sides = 14

[node name="InteriorCut" type="CSGCylinder3D" parent="Section3/BrokenSmallWall2"]
operation = 2
radius = 4.0
height = 9.0
sides = 14

[node name="Cut1" type="CSGBox3D" parent="Section3/BrokenSmallWall2"]
transform = Transform3D(0.96856, -0.148776, 0.199416, 0.14572, 0.988871, 0.0299997, -0.201662, 1.17478e-07, 0.979464, 2.71293, -0.04319, -0.740284)
operation = 2
size = Vector3(10, 10, 11.5903)

[node name="Cut2" type="CSGBox3D" parent="Section3/BrokenSmallWall2"]
transform = Transform3D(0.572453, 0.748496, 0.334757, -0.710028, 0.656706, -0.254179, -0.410082, -0.0921837, 0.907398, -3.18764, 3.96055, 1.14873)
operation = 2
size = Vector3(3.00122, 10, 10.8566)

[node name="Broken Platform3" type="CSGCombiner3D" parent="Section3"]
transform = Transform3D(-0.694959, -0.0364213, 0.718126, -0.052336, 0.998629, 0, -0.717142, -0.0375838, -0.695913, -3.621, 4, -18.723)
material_override = ExtResource("13_dgv75")
use_collision = true

[node name="Mesh" type="CSGCylinder3D" parent="Section3/Broken Platform3"]
radius = 4.0
height = 3.0

[node name="Cut1" type="CSGBox3D" parent="Section3/Broken Platform3"]
transform = Transform3D(0.590817, 0.804234, -0.0644867, -0.803847, 0.593604, 0.0381913, 0.0689911, 0.0292754, 0.997173, -0.274227, -0.92997, -3.02068)
operation = 2
size = Vector3(4.79583, 4.22314, 7.87628)

[node name="Cut2" type="CSGBox3D" parent="Section3/Broken Platform3"]
transform = Transform3D(-0.431079, -0.255906, -0.865259, 0.220645, 0.899929, -0.376086, 0.874918, -0.353041, -0.331477, -2.93287, -1.78014, -0.943759)
operation = 2
size = Vector3(6.0399, 6.41345, 6.37912)

[node name="Broken Platform4" type="CSGCombiner3D" parent="Section3"]
transform = Transform3D(-0.669131, 0, 0.743145, 0, 1, 0, -0.743145, 0, -0.669131, -19.7543, 7.5, -13.442)
material_override = ExtResource("13_dgv75")
use_collision = true

[node name="Mesh" type="CSGCylinder3D" parent="Section3/Broken Platform4"]
radius = 2.0

[node name="Cut1" type="CSGBox3D" parent="Section3/Broken Platform4"]
transform = Transform3D(0.997914, 0.00247727, -0.0644838, 0, 0.999271, 0.0383872, 0.0645322, -0.0383081, 0.997165, -0.0864974, -1.10118, -2.13226)
operation = 2
size = Vector3(4.28805, 4.22314, 3.50955)

[node name="Cut2" type="CSGBox3D" parent="Section3/Broken Platform4"]
transform = Transform3D(-0.431079, -0.255906, -0.865259, 0.220645, 0.899929, -0.376086, 0.874918, -0.353041, -0.331477, -2.93287, -1.78014, -0.943759)
operation = 2
size = Vector3(6.0399, 6.41345, 6.37912)

[node name="Broken Platform5" type="CSGCombiner3D" parent="Section3"]
transform = Transform3D(1, 0, 0, 0, 0.990771, 0.135543, 0, -0.135543, 0.990771, -8.96723, 19.3076, 24.3167)
material_override = ExtResource("13_dgv75")
use_collision = true

[node name="Mesh" type="CSGCylinder3D" parent="Section3/Broken Platform5"]
radius = 3.0
height = 1.5

[node name="Cut1" type="CSGBox3D" parent="Section3/Broken Platform5"]
transform = Transform3D(-0.0633907, 0.0400421, 0.997162, -0.534037, -0.845464, 1.86265e-09, 0.843069, -0.532544, 0.0749769, 0.251933, -0.777629, 3.7025)
operation = 2
size = Vector3(4.28805, 4.22314, 6.63791)

[node name="Cut2" type="CSGBox3D" parent="Section3/Broken Platform5"]
transform = Transform3D(0.948895, -0.0726495, -0.307087, -5.58794e-09, 0.973138, -0.230217, 0.315564, 0.218456, 0.923406, 1.05388, -1.72124, -3.23308)
operation = 2
size = Vector3(6.0399, 6.41345, 2.72862)
