[gd_scene load_steps=18 format=3 uid="uid://up53g12bx84h"]

[ext_resource type="Script" path="res://Main/main_game.gd" id="1_cs18b"]
[ext_resource type="PackedScene" uid="uid://do1pmtbmc423e" path="res://UI/pause_menu.tscn" id="2_mnaa8"]
[ext_resource type="Material" uid="uid://3byi41uuwvq8" path="res://Materials/LD_grid.tres" id="3_yf748"]
[ext_resource type="Material" uid="uid://5dqiqxr4arwd" path="res://Materials/grid_material.tres" id="4_wh1mb"]
[ext_resource type="Texture2D" uid="uid://bkchfco8pdnoh" path="res://Objects/Environment/Models/BlueSkySkybox.png" id="5_nispb"]
[ext_resource type="PackedScene" uid="uid://cmjtpt4djwo2k" path="res://Objects/Environment/fall_kill_plane.tscn" id="7_4q0yk"]
[ext_resource type="PackedScene" uid="uid://vssvdtmx3jx7" path="res://Objects/Player/player.tscn" id="8_es2s4"]
[ext_resource type="PackedScene" uid="uid://b2oiak8dl30w2" path="res://Objects/Enemies/BasicEnemy.tscn" id="10_ppion"]
[ext_resource type="PackedScene" uid="uid://bnylytkg3vk0w" path="res://Objects/Enemies/TurretEnemy.tscn" id="11_1w46d"]
[ext_resource type="PackedScene" uid="uid://c08aetbdbnjbc" path="res://Objects/Enemies/MobileEnemy.tscn" id="12_2rne2"]
[ext_resource type="PackedScene" uid="uid://y00sgnh5ws4h" path="res://Objects/Environment/finish_area.tscn" id="13_xj6iu"]
[ext_resource type="PackedScene" uid="uid://cyuf5p7go4rqn" path="res://Objects/Environment/falling_platform.tscn" id="13_yiage"]
[ext_resource type="PackedScene" uid="uid://dacvenlpyt2bp" path="res://Objects/Environment/Models/Column.tscn" id="14_nturj"]
[ext_resource type="PackedScene" uid="uid://du43gxi4fe5ry" path="res://Objects/Environment/CSG/stage_1_csg.gltf" id="14_ojqou"]

[sub_resource type="PanoramaSkyMaterial" id="PanoramaSkyMaterial_vb413"]
panorama = ExtResource("5_nispb")

[sub_resource type="Sky" id="Sky_8fx82"]
sky_material = SubResource("PanoramaSkyMaterial_vb413")

[sub_resource type="Environment" id="Environment_uglom"]
background_mode = 2
sky = SubResource("Sky_8fx82")

[node name="TowerOutsideTest" type="Node3D"]
script = ExtResource("1_cs18b")
pause_menu_scene = ExtResource("2_mnaa8")

[node name="Floor" type="CSGBox3D" parent="."]
transform = Transform3D(2, 0, 0, 0, 2, 0, 0, 0, 2, 0, -48.3398, 0)
material_override = ExtResource("3_yf748")
use_collision = true
size = Vector3(500, 1, 500)
material = ExtResource("4_wh1mb")

[node name="WorldEnvironment" type="WorldEnvironment" parent="."]
environment = SubResource("Environment_uglom")

[node name="DirectionalLight3D" type="DirectionalLight3D" parent="WorldEnvironment"]
transform = Transform3D(1, 0, 0, 0, -0.254788, 0.966997, 0, -0.966997, -0.254788, 0, 0, 0)

[node name="FallKillPlane" parent="." instance=ExtResource("7_4q0yk")]

[node name="Player" parent="." instance=ExtResource("8_es2s4")]
transform = Transform3D(-0.866026, 0, -0.5, 0, 1, 0, 0.5, 0, -0.866026, -16.5, 3.5, 1.5)

[node name="FinishArea" parent="." instance=ExtResource("13_xj6iu")]
transform = Transform3D(1, 0, 0, 0, 1, 0, 0, 0, 1, 0, 66.843, -0.611299)

[node name="Stage 1" parent="." instance=ExtResource("14_ojqou")]
transform = Transform3D(1, 0, 0, 0, 1, 0, 0, 0, 1, 0, -45, 0)

[node name="Section1" type="Node3D" parent="."]

[node name="Enemies" type="Node3D" parent="Section1"]

[node name="MobileEnemy" parent="Section1/Enemies" node_paths=PackedStringArray("path_points") instance=ExtResource("12_2rne2")]
transform = Transform3D(1, 0, 0, 0, 1, 0, 0, 0, 1, -11, 3.5, 16)
path_points = [NodePath("../Path")]
add_start_pos_to_path = true

[node name="Path" type="Node3D" parent="Section1/Enemies"]
transform = Transform3D(1, 0, 0, 0, 1, 0, 0, 0, 1, -7.5, 3.5, 10.5)

[node name="MobileEnemy2" parent="Section1/Enemies" node_paths=PackedStringArray("path_points") instance=ExtResource("12_2rne2")]
transform = Transform3D(1, 0, 0, 0, 1, 0, 0, 0, 1, 9.37098, 6.5, 16.6129)
path_points = [NodePath("../Path2")]
add_start_pos_to_path = true

[node name="Path2" type="Node3D" parent="Section1/Enemies"]
transform = Transform3D(1, 0, 0, 0, 1, 0, 0, 0, 1, 7.00875, 6.5, 11.5469)

[node name="TurretEnemy" parent="Section1/Enemies" instance=ExtResource("11_1w46d")]
transform = Transform3D(0.994469, 0, 0.105032, 0, 1, 0, -0.105032, 0, 0.994469, 15.8511, 6.5, -1.32999)

[node name="TurretEnemy2" parent="Section1/Enemies" instance=ExtResource("11_1w46d")]
transform = Transform3D(0.994469, 0, 0.105032, 0, 1, 0, -0.105032, 0, 0.994469, 9.29004, 11.5753, -19.0512)
activation_radius = 20.0

[node name="BasicEnemy" parent="Section1/Enemies" instance=ExtResource("10_ppion")]
transform = Transform3D(1, 0, 0, 0, 1, 0, 0, 0, 1, -2.4419, 18.2951, -16.2158)

[node name="BasicEnemy2" parent="Section1/Enemies" instance=ExtResource("10_ppion")]
transform = Transform3D(1, 0, 0, 0, 1, 0, 0, 0, 1, 3.44201, 15.4271, -14.892)

[node name="MobileEnemy3" parent="Section1/Enemies" node_paths=PackedStringArray("path_points") instance=ExtResource("12_2rne2")]
transform = Transform3D(1, 0, 0, 0, 1, 0, 0, 0, 1, 7.79672, 13.0734, -12.7776)
path_points = [NodePath("../Path3")]
add_start_pos_to_path = true

[node name="Path3" type="Node3D" parent="Section1/Enemies"]
transform = Transform3D(1, 0, 0, 0, 1, 0, 0, 0, 1, 12.9582, 9.67835, -7.74939)

[node name="BasicEnemy3" parent="Section1/Enemies" instance=ExtResource("10_ppion")]
transform = Transform3D(1, 0, 0, 0, 1, 0, 0, 0, 1, -0.64169, 15, -26.4037)

[node name="BasicEnemy4" parent="Section1/Enemies" instance=ExtResource("10_ppion")]
transform = Transform3D(1, 0, 0, 0, 1, 0, 0, 0, 1, -18.737, 21, -17.331)

[node name="MobileEnemy4" parent="Section1/Enemies" node_paths=PackedStringArray("path_points") instance=ExtResource("12_2rne2")]
transform = Transform3D(1, 0, 0, 0, 1, 0, 0, 0, 1, -21.502, 24, -12.385)
path_points = [NodePath("../Path4")]
add_start_pos_to_path = true

[node name="Path4" type="Node3D" parent="Section1/Enemies"]
transform = Transform3D(1, 0, 0, 0, 1, 0, 0, 0, 1, -23.742, 25, -8.915)

[node name="MobileEnemy5" parent="Section1/Enemies" node_paths=PackedStringArray("path_points") instance=ExtResource("12_2rne2")]
transform = Transform3D(1, 0, 0, 0, 1, 0, 0, 0, 1, -24.568, 27, -5.906)
path_points = [NodePath("../Path5")]
add_start_pos_to_path = true

[node name="Path5" type="Node3D" parent="Section1/Enemies"]
transform = Transform3D(1, 0, 0, 0, 1, 0, 0, 0, 1, -25.08, 29, -1.766)

[node name="MobileEnemy6" parent="Section1/Enemies" node_paths=PackedStringArray("path_points") instance=ExtResource("12_2rne2")]
transform = Transform3D(1, 0, 0, 0, 1, 0, 0, 0, 1, -15, 18.5, -3)
path_points = [NodePath("../Path6")]
add_start_pos_to_path = true

[node name="Path6" type="Node3D" parent="Section1/Enemies"]
transform = Transform3D(1, 0, 0, 0, 1, 0, 0, 0, 1, -15, 22, 5.5)

[node name="TurretEnemy3" parent="Section1/Enemies" instance=ExtResource("11_1w46d")]
transform = Transform3D(-0.967938, 0, 0.251191, 0, 1, 0, -0.251191, 0, -0.967938, -5.40239, 20.5, 10.7503)
activation_radius = 30.0

[node name="BasicEnemy5" parent="Section1/Enemies" instance=ExtResource("10_ppion")]
transform = Transform3D(1, 0, 0, 0, 1, 0, 0, 0, 1, 15, 27.5, 6)

[node name="Walls" type="CSGCombiner3D" parent="Section1"]
transform = Transform3D(1, 0, 0, 0, 1, 0, 0, 0, 1, 0, 8, 0)
use_collision = true

[node name="Outer Wall" type="CSGCylinder3D" parent="Section1/Walls"]
radius = 23.0
height = 40.0
sides = 28

[node name="Inner Wall" type="CSGCylinder3D" parent="Section1/Walls"]
transform = Transform3D(1, 0, 0, 0, 1, 0, 0, 0, 1, 0, 6, 0)
operation = 2
radius = 20.0
height = 32.0
sides = 28

[node name="Dome Window" type="CSGCylinder3D" parent="Section1/Walls"]
transform = Transform3D(1, 0, 0, 0, 1, 0, 0, 0, 1, 0, -16, 0)
operation = 2
radius = 12.0
height = 16.0
sides = 28

[node name="Dome Window2" type="CSGCylinder3D" parent="Section1/Walls"]
transform = Transform3D(1, 0, 0, 0, 1, 0, 0, 0, 1, 0, -18, 0)
operation = 2
radius = 18.0
height = 12.0
sides = 28

[node name="Cut1" type="CSGBox3D" parent="Section1/Walls"]
transform = Transform3D(0.961588, 0, 0.274496, 0, 1, 0, -0.274496, 0, 0.961588, 9.667, 5.5, -19.785)
operation = 2
size = Vector3(10, 4, 10)

[node name="Cut2" type="CSGBox3D" parent="Section1/Walls"]
transform = Transform3D(0.5, 0.356382, 0.789298, 0, 0.911403, -0.411514, -0.866025, 0.205757, 0.455701, 9.72445, 7.08593, -19.7265)
operation = 2
size = Vector3(6, 4, 7)

[node name="CSGPolygon3D" type="CSGPolygon3D" parent="Section1/Walls"]
transform = Transform3D(-0.580632, 0, -0.814166, 0, 1, 0, 0.814166, 0, -0.580632, 14.5237, 19.2104, 11.209)
operation = 2
polygon = PackedVector2Array(-5, 1, -3, -6, 0.5, -14, 1, -8, 2, -10, 5, 1)
depth = 5.0

[node name="Platform" type="CSGCombiner3D" parent="Section1"]
transform = Transform3D(1, 0, 0, 0, 1, 0, 0, 0, 1, 0, 3, 0)
use_collision = true

[node name="Mesh" type="CSGCylinder3D" parent="Section1/Platform"]
radius = 20.0
height = 1.0
sides = 28

[node name="CentralCut" type="CSGCylinder3D" parent="Section1/Platform"]
operation = 2
radius = 13.0
height = 1.5
sides = 28

[node name="Cut1" type="CSGBox3D" parent="Section1/Platform"]
transform = Transform3D(1, 0, 0, 0, 1, 0, 0, 0, 1, 11, 0, 0)
operation = 2
size = Vector3(22, 1.5, 50)

[node name="Cut2" type="CSGBox3D" parent="Section1/Platform"]
transform = Transform3D(1, 0, 0, 0, 1, 0, 0, 0, 1, 0, 0, -11)
operation = 2
size = Vector3(50, 1.5, 22)

[node name="Platform2" type="CSGCombiner3D" parent="Section1"]
transform = Transform3D(-0.399357, 0, 0.916795, 0, 1, 0, -0.916795, 0, -0.399357, 0, 6, 0)
use_collision = true

[node name="Mesh" type="CSGCylinder3D" parent="Section1/Platform2"]
radius = 20.0
height = 1.0
sides = 28

[node name="CentralCut" type="CSGCylinder3D" parent="Section1/Platform2"]
operation = 2
radius = 13.0
height = 1.5
sides = 28

[node name="Cut1" type="CSGBox3D" parent="Section1/Platform2"]
transform = Transform3D(0.98928, 0, -0.146031, 0, 1, 0, 0.146031, 0, 0.98928, 11, 0, 0)
operation = 2
size = Vector3(22, 1.5, 50)

[node name="Cut2" type="CSGBox3D" parent="Section1/Platform2"]
transform = Transform3D(1, 0, 0, 0, 1, 0, 0, 0, 1, 0, 0, -11)
operation = 2
size = Vector3(50, 1.5, 22)

[node name="Platform3" type="CSGCombiner3D" parent="Section1"]
transform = Transform3D(-0.975149, 0, -0.221549, 0, 1, 0, 0.221549, 0, -0.975149, 0, 11, 0)
use_collision = true

[node name="Mesh" type="CSGCylinder3D" parent="Section1/Platform3"]
radius = 20.0
height = 1.0
sides = 28

[node name="CentralCut" type="CSGCylinder3D" parent="Section1/Platform3"]
operation = 2
radius = 19.5
height = 1.5
sides = 28

[node name="Cut1" type="CSGBox3D" parent="Section1/Platform3"]
transform = Transform3D(0.98928, 0, -0.146031, 0, 1, 0, 0.146031, 0, 0.98928, 11, 0, 0)
operation = 2
size = Vector3(22, 1.5, 50)

[node name="Cut2" type="CSGBox3D" parent="Section1/Platform3"]
transform = Transform3D(0.973555, 0, 0.228453, 0, 1, 0, -0.228453, 0, 0.973555, 0, 0, -11)
operation = 2
size = Vector3(50, 1.5, 22)

[node name="Platform4" type="CSGCombiner3D" parent="Section1"]
transform = Transform3D(0.225138, 0, -0.974327, 0, 1, 0, 0.974327, 0, 0.225138, 0, 17.5, 0)
use_collision = true

[node name="Mesh" type="CSGCylinder3D" parent="Section1/Platform4"]
radius = 20.0
height = 1.0
sides = 28

[node name="CentralCut" type="CSGCylinder3D" parent="Section1/Platform4"]
operation = 2
radius = 14.0
height = 1.5
sides = 28

[node name="Cut1" type="CSGBox3D" parent="Section1/Platform4"]
transform = Transform3D(0.946869, 0, -0.321621, 0, 1, 0, 0.321621, 0, 0.946869, 11, 0, 0)
operation = 2
size = Vector3(22, 1.5, 50)

[node name="Cut2" type="CSGBox3D" parent="Section1/Platform4"]
transform = Transform3D(1, 0, 0, 0, 1, 0, 0, 0, 1, 0, 0, -11)
operation = 2
size = Vector3(50, 1.5, 22)

[node name="Cut3" type="CSGBox3D" parent="Section1/Platform4"]
transform = Transform3D(1, 0, 1.49012e-07, 0, 1, 0, -1.49012e-07, 0, 1, -15.7965, 0, 8.72127)
operation = 2
size = Vector3(5.91504, 1.5, 3.03076)

[node name="Cut4" type="CSGBox3D" parent="Section1/Platform4"]
transform = Transform3D(0.612522, 0, 0.790455, 0, 1, 0, -0.790455, 0, 0.612522, -12.8295, 0, 8.7314)
operation = 2
size = Vector3(4.60303, 1.5, 2.89417)

[node name="Cut5" type="CSGBox3D" parent="Section1/Platform4"]
transform = Transform3D(-0.741157, 0, 0.671334, 0, 1, 0, -0.671334, 0, -0.741157, -11.2165, 0, 10.0274)
operation = 2
size = Vector3(5.19672, 1.5, 2.44412)

[node name="Platform5" type="CSGCombiner3D" parent="Section1"]
transform = Transform3D(0.948617, 0, 0.316427, 0, 1, 0, -0.316427, 0, 0.948617, 0, 20, 0)
use_collision = true

[node name="Mesh" type="CSGCylinder3D" parent="Section1/Platform5"]
radius = 20.0
height = 1.0
sides = 28

[node name="CentralCut" type="CSGCylinder3D" parent="Section1/Platform5"]
operation = 2
radius = 11.0
height = 1.5
sides = 28

[node name="Cut1" type="CSGBox3D" parent="Section1/Platform5"]
transform = Transform3D(0.947741, 0, 0.319042, 0, 1, 0, -0.319042, 0, 0.947741, 11, 0, -4.76837e-07)
operation = 2
size = Vector3(22, 1.5, 50)

[node name="Cut2" type="CSGBox3D" parent="Section1/Platform5"]
transform = Transform3D(0.999274, 0, 0.0381088, 0, 1, 0, -0.0381088, 0, 0.999274, -2.38419e-07, 0, -11)
operation = 2
size = Vector3(50, 1.5, 22)

[node name="Cut3" type="CSGBox3D" parent="Section1/Platform5"]
transform = Transform3D(0.845988, 0, 0.533201, 0, 1, 0, -0.533201, 0, 0.845988, -13.3806, 0, 7.39003)
operation = 2
size = Vector3(10.3077, 1.5, 6)

[node name="Cut4" type="CSGBox3D" parent="Section1/Platform5"]
transform = Transform3D(0.28353, 0, 0.958963, 0, 1, 0, -0.958963, 0, 0.28353, -6.73565, 0, 13.6679)
operation = 2
size = Vector3(11.4097, 1.5, 5.45483)

[node name="FallingPlatform" parent="Section1" instance=ExtResource("13_yiage")]
transform = Transform3D(0.992722, 0, 0.120431, 0, 1, 0, -0.120431, 0, 0.992722, -1.875, 14.5, -24.9332)

[node name="FallingPlatform2" parent="Section1" instance=ExtResource("13_yiage")]
transform = Transform3D(0.963359, 0, 0.268214, 0, 1, 0, -0.268214, 0, 0.963359, -8.31046, 16.5, -23.5364)

[node name="FallingPlatform3" parent="Section1" instance=ExtResource("13_yiage")]
transform = Transform3D(0.826904, 0, 0.562343, 0, 1, 0, -0.562343, 0, 0.826904, -13.987, 18.5, -20.642)

[node name="Section2" type="Node3D" parent="."]
transform = Transform3D(1, 0, 0, 0, 1, 0, 0, 0, 1, 0, 27.5, 0)

[node name="Enemies" type="Node3D" parent="Section2"]

[node name="BasicEnemy" parent="Section2/Enemies" instance=ExtResource("10_ppion")]
transform = Transform3D(1, 0, 0, 0, 1, 0, 0, 0, 1, 0, 7.5, 0)

[node name="TurretEnemy" parent="Section2/Enemies" instance=ExtResource("11_1w46d")]
transform = Transform3D(0.491086, 0, -0.871111, 0, 1, 0, 0.871111, 0, 0.491086, 19.669, 0.5, -9.292)
activation_radius = 20.0

[node name="TurretEnemy2" parent="Section2/Enemies" instance=ExtResource("11_1w46d")]
transform = Transform3D(-0.288213, 0, -0.957566, 0, 1, 0, 0.957566, 0, -0.288213, -17.235, 0.5, -6.213)
activation_radius = 20.0

[node name="TurretEnemy3" parent="Section2/Enemies" instance=ExtResource("11_1w46d")]
transform = Transform3D(-0.999017, 0, -0.0443343, 0, 1, 0, 0.0443343, 0, -0.999017, 3.23, 0.5, 21.255)
activation_radius = 20.0

[node name="BasicEnemy2" parent="Section2/Enemies" instance=ExtResource("10_ppion")]
transform = Transform3D(1, 0, 0, 0, 1, 0, 0, 0, 1, 7.5, 12.5, -7)

[node name="Columns" type="Node3D" parent="Section2"]
transform = Transform3D(1, 0, 0, 0, 1, 0, 0, 0, 1, 0, 2.5, 0)

[node name="Column1" parent="Section2/Columns" instance=ExtResource("14_nturj")]
transform = Transform3D(2, 0, 0, 0, 2, 0, 0, 0, 2, -6.5, 0, -8)

[node name="Column2" parent="Section2/Columns" instance=ExtResource("14_nturj")]
transform = Transform3D(2, 0, 0, 0, 2, 0, 0, 0, 2, -10, 0, 2.5)

[node name="Column3" parent="Section2/Columns" instance=ExtResource("14_nturj")]
transform = Transform3D(2, 0, 0, 0, 2, 0, 0, 0, 2, -4.5, 0, 9.5)

[node name="Column4" parent="Section2/Columns" instance=ExtResource("14_nturj")]
transform = Transform3D(1.35118, 0.381643, 1.42431, 0, 1.93185, -0.517638, -1.47455, 0.349711, 1.30514, 13.2893, -23.2247, 10.0614)

[node name="Column5" parent="Section2/Columns" instance=ExtResource("14_nturj")]
transform = Transform3D(2, 0, 0, 0, 2, 0, 0, 0, 2, 10, 0, -2.5)

[node name="Column6" parent="Section2/Columns" instance=ExtResource("14_nturj")]
transform = Transform3D(2, 0, 0, 0, 2, 0, 0, 0, 2, 4.5, 0, -9.5)

[node name="Columns2" type="Node3D" parent="Section2"]
transform = Transform3D(1, 0, 0, 0, 1, 0, 0, 0, 1, 0, 12.5, 0)

[node name="Column1" parent="Section2/Columns2" instance=ExtResource("14_nturj")]
transform = Transform3D(2, 0, 0, 0, 2, 0, 0, 0, 2, -6.5, 0, -8)

[node name="Column2" parent="Section2/Columns2" instance=ExtResource("14_nturj")]
transform = Transform3D(2, 0, 0, 0, 2, 0, 0, 0, 2, -10, 0, 2.5)

[node name="Column3" parent="Section2/Columns2" instance=ExtResource("14_nturj")]
transform = Transform3D(2, 0, 0, 0, 2, 0, 0, 0, 2, -4.5, 0, 9.5)

[node name="Column4" parent="Section2/Columns2" instance=ExtResource("14_nturj")]
transform = Transform3D(1.40392, 0.0189274, 1.42431, 0.5, 1.86603, -0.517638, -1.3338, 0.719438, 1.30514, 7.72273, -40.8489, 6.80314)

[node name="Column5" parent="Section2/Columns2" instance=ExtResource("14_nturj")]
transform = Transform3D(2, 0, 0, 0, 2, 0, 0, 0, 2, 10, 0, -2.5)

[node name="Column6" parent="Section2/Columns2" instance=ExtResource("14_nturj")]
transform = Transform3D(2, 0, 0, 0, 2, 0, 0, 0, 2, 4.5, 0, -9.5)

[node name="Base" type="CSGCombiner3D" parent="Section2"]
transform = Transform3D(0.899138, 0, 0.437665, 0, 1, 0, -0.437665, 0, 0.899138, 0, 0, 0)
use_collision = true

[node name="MeshInner" type="CSGCylinder3D" parent="Section2/Base"]
transform = Transform3D(1, 0, 0, 0, 1, 0, 0, 0, 1, 0, 1.5, 0)
radius = 12.0
sides = 28

[node name="Stairs" type="CSGBox3D" parent="Section2/Base/MeshInner"]
transform = Transform3D(0.707107, -0.241845, 0.664463, 0, 0.939693, 0.34202, -0.707107, -0.241845, 0.664463, -8, 0.5, -8)
operation = 2
size = Vector3(8, 3, 12)

[node name="Mesh" type="CSGCylinder3D" parent="Section2/Base"]
radius = 20.0
height = 1.0
sides = 28

[node name="Cut1" type="CSGBox3D" parent="Section2/Base/Mesh"]
transform = Transform3D(0.707107, 0, 0.707107, 0, 1, 0, -0.707107, 0, 0.707107, 3, 0, -20)
operation = 2
size = Vector3(19, 1.5, 28)

[node name="Cut2" type="CSGBox3D" parent="Section2/Base/Mesh"]
transform = Transform3D(0.707107, 0, 0.707107, 0, 1, 0, -0.707107, 0, 0.707107, -20, 0, 3)
operation = 2
size = Vector3(19, 1.5, 28)

[node name="Cut3" type="CSGBox3D" parent="Section2/Base"]
transform = Transform3D(0.974193, 0, 0.225716, 0, 1, 0, -0.225716, 0, 0.974193, 5.64701, 1, 14.1848)
operation = 2
size = Vector3(8.18126, 4, 10.3548)

[node name="Cut4" type="CSGBox3D" parent="Section2/Base"]
transform = Transform3D(-0.600057, 0, 0.799957, 0, 1, 0, -0.799957, 0, -0.600057, 9.27, 1, 11.802)
operation = 2
size = Vector3(10.322, 4, 4.984)

[node name="Cut5" type="CSGBox3D" parent="Section2/Base"]
transform = Transform3D(-0.969184, 0, 0.246339, 0, 1, 0, -0.246339, 0, -0.969184, 6.46717, 1, 13.4032)
operation = 2
size = Vector3(9.77271, 4, 12.0486)

[node name="Midcap" type="CSGCombiner3D" parent="Section2"]
transform = Transform3D(1, 0, 0, 0, 1, 0, 0, 0, 1, 0, 23.5, 0)

[node name="MeshInner" type="CSGCylinder3D" parent="Section2/Midcap"]
radius = 12.0
sides = 28

[node name="Cut1" type="CSGBox3D" parent="Section2/Midcap/MeshInner"]
transform = Transform3D(0.953053, 0, 0.302802, 0, 1, 0, -0.302802, 0, 0.953053, 9.52957, 0, 7.59019)
operation = 2
size = Vector3(7.15234, 3, 6)

[node name="Cut2" type="CSGBox3D" parent="Section2/Midcap/MeshInner"]
transform = Transform3D(0.824156, 0, -0.566363, 0, 1, 0, 0.566363, 0, 0.824156, 9.993, 0, 7.493)
operation = 2
size = Vector3(7.15234, 3, 6.27087)

[node name="Cut3" type="CSGBox3D" parent="Section2/Midcap/MeshInner"]
transform = Transform3D(0.953053, 0, 0.302802, 0, 1, 0, -0.302802, 0, 0.953053, -0.740087, 0, -10.6056)
operation = 2
size = Vector3(7.15234, 3, 6)

[node name="Cut4" type="CSGBox3D" parent="Section2/Midcap/MeshInner"]
transform = Transform3D(0.824156, 0, -0.566363, 0, 1, 0, 0.566363, 0, 0.824156, -0.276653, 0, -10.7028)
operation = 2
size = Vector3(7.15234, 3, 6.27087)

[node name="Broken Wall" type="CSGCombiner3D" parent="Section2"]
transform = Transform3D(0.196175, 0.538985, 0.819152, -0.939692, 0.34202, 0, -0.280166, -0.769751, 0.573576, 7.59633, 24.29, -15.5485)
use_collision = true

[node name="Platform" type="CSGCylinder3D" parent="Section2/Broken Wall"]
radius = 17.0
height = 10.0
sides = 28

[node name="Interior" type="CSGCylinder3D" parent="Section2/Broken Wall"]
operation = 2
radius = 15.0
height = 11.0
sides = 28

[node name="Cut1" type="CSGBox3D" parent="Section2/Broken Wall"]
transform = Transform3D(1, 0, 0, 0, 1, 0, 0, 0, 1, -3, 0, 0)
operation = 2
size = Vector3(30, 11, 40)

[node name="Cut2" type="CSGBox3D" parent="Section2/Broken Wall"]
transform = Transform3D(0.544833, -0.196789, 0.815126, 0.34202, 0.939691, -0.00174533, -0.765624, 0.27974, 0.57928, 10.3821, 0, 14.0798)
operation = 2
size = Vector3(10, 10, 10)

[node name="Cut3" type="CSGBox3D" parent="Section2/Broken Wall"]
transform = Transform3D(0.796842, 0.0140883, 0.604022, -0.284671, 0.89056, 0.354773, -0.53292, -0.454646, 0.713647, 7.00091, 3.20766, -12.1711)
operation = 2
size = Vector3(10, 10, 10)

[node name="Cut4" type="CSGBox3D" parent="Section2/Broken Wall"]
transform = Transform3D(-0.461342, 0.279367, 0.84209, -0.839209, 0.170593, -0.516358, -0.287908, -0.944907, 0.155746, 19.0031, 5.88967, 1.29803)
operation = 2
size = Vector3(10, 10, 10)

[node name="Broken Wall2" type="CSGCombiner3D" parent="Section2"]
transform = Transform3D(1, 0, 0, 0, 1, 0, 0, 0, 1, 15.3684, 24.2899, 0.741617)
use_collision = true

[node name="Platform" type="CSGCylinder3D" parent="Section2/Broken Wall2"]
radius = 17.0
height = 9.0
sides = 28

[node name="Interior" type="CSGCylinder3D" parent="Section2/Broken Wall2"]
operation = 2
radius = 15.0
height = 10.0
sides = 28

[node name="Cut1" type="CSGBox3D" parent="Section2/Broken Wall2"]
transform = Transform3D(1, 0, 0, 0, 1, 0, 0, 0, 1, -3, 0, 0)
operation = 2
size = Vector3(30, 10, 40)

[node name="Cut2" type="CSGBox3D" parent="Section2/Broken Wall2"]
transform = Transform3D(0.544833, -0.196789, 0.815126, 0.34202, 0.939691, -0.00174533, -0.765624, 0.27974, 0.57928, 10.3821, 0, 14.0798)
operation = 2
size = Vector3(10, 10, 10)

[node name="Cut3" type="CSGBox3D" parent="Section2/Broken Wall2"]
transform = Transform3D(0.796842, 0.0140883, 0.604022, -0.284671, 0.89056, 0.354773, -0.53292, -0.454646, 0.713647, 7.00091, 3.20766, -12.1711)
operation = 2
size = Vector3(10, 10, 10)

[node name="Cut4" type="CSGBox3D" parent="Section2/Broken Wall2"]
transform = Transform3D(-0.461342, 0.279367, 0.84209, -0.839209, 0.170593, -0.516358, -0.287908, -0.944907, 0.155746, 19.0031, 5.88967, 1.29803)
operation = 2
size = Vector3(10, 10, 10)
