[gd_scene load_steps=15 format=3 uid="uid://buhsb2ao2ykcr"]

[ext_resource type="Script" path="res://Main/main_game.gd" id="1_4bn8t"]
[ext_resource type="PackedScene" uid="uid://do1pmtbmc423e" path="res://UI/pause_menu.tscn" id="2_v88ld"]
[ext_resource type="Texture2D" uid="uid://rfda5fv26d6w" path="res://Objects/Environment/Models/PurplyBlueSky.png" id="3_08bbj"]
[ext_resource type="PackedScene" uid="uid://vssvdtmx3jx7" path="res://Objects/Player/player.tscn" id="4_dpxqh"]
[ext_resource type="Material" uid="uid://3byi41uuwvq8" path="res://Materials/LD_grid.tres" id="5_vivna"]
[ext_resource type="Material" uid="uid://5dqiqxr4arwd" path="res://Materials/grid_material.tres" id="6_t6ra6"]
[ext_resource type="ArrayMesh" uid="uid://dgy7dxognc1x3" path="res://Objects/Environment/Models/TowerTest1.obj" id="7_506fq"]
[ext_resource type="PackedScene" uid="uid://dacvenlpyt2bp" path="res://Objects/Environment/Models/Column.tscn" id="8_j6044"]
[ext_resource type="PackedScene" uid="uid://b2oiak8dl30w2" path="res://Objects/Enemies/BasicEnemy.tscn" id="9_ixssy"]
[ext_resource type="PackedScene" uid="uid://c08aetbdbnjbc" path="res://Objects/Enemies/MobileEnemy.tscn" id="9_tiv3e"]
[ext_resource type="PackedScene" uid="uid://ddxtpi8u5fqe0" path="res://Objects/Environment/Models/bookcase.tscn" id="11_fqk5l"]

[sub_resource type="PanoramaSkyMaterial" id="PanoramaSkyMaterial_asy3g"]
panorama = ExtResource("3_08bbj")

[sub_resource type="Sky" id="Sky_3kabx"]
sky_material = SubResource("PanoramaSkyMaterial_asy3g")

[sub_resource type="Environment" id="Environment_yg5si"]
background_mode = 2
sky = SubResource("Sky_3kabx")

[node name="Stage 1" type="Node3D"]
script = ExtResource("1_4bn8t")
pause_menu_scene = ExtResource("2_v88ld")

[node name="WorldEnvironment" type="WorldEnvironment" parent="."]
environment = SubResource("Environment_yg5si")

[node name="DirectionalLight3D" type="DirectionalLight3D" parent="WorldEnvironment"]
transform = Transform3D(1, 0, 0, 0, 0.427358, 0.904083, 0, -0.904083, 0.427358, 0, 100, 30)
light_energy = 3.0
light_indirect_energy = 3.0
light_angular_distance = 40.0

[node name="Player" parent="." instance=ExtResource("4_dpxqh")]
transform = Transform3D(1, 0, 0, 0, 1, 0, 0, 0, 1, 0, 0, 30)

[node name="TowerMesh" type="MeshInstance3D" parent="."]
transform = Transform3D(3, 0, 0, 0, 3, 0, 0, 0, 3, 0, 0, 28.7709)
visible = false
mesh = ExtResource("7_506fq")

[node name="Floor" type="CSGBox3D" parent="."]
transform = Transform3D(2, 0, 0, 0, 2, 0, 0, 0, 2, 0, -0.5, 0)
material_override = ExtResource("5_vivna")
use_collision = true
size = Vector3(50, 0.5, 50)
material = ExtResource("6_t6ra6")

[node name="First Floor" type="Node3D" parent="."]

[node name="1stEnemies" type="Node3D" parent="First Floor"]

[node name="BasicEnemy" parent="First Floor/1stEnemies" instance=ExtResource("9_ixssy")]

[node name="BasicEnemy2" parent="First Floor/1stEnemies" instance=ExtResource("9_ixssy")]
transform = Transform3D(1, 0, 0, 0, 1, 0, 0, 0, 1, 0, 2, -17)

[node name="BasicEnemy3" parent="First Floor/1stEnemies" instance=ExtResource("9_ixssy")]
transform = Transform3D(1, 0, 0, 0, 1, 0, 0, 0, 1, 23, 8, 2.5)

[node name="BasicEnemy4" parent="First Floor/1stEnemies" instance=ExtResource("9_ixssy")]
transform = Transform3D(1, 0, 0, 0, 1, 0, 0, 0, 1, 0, 10, 2)

[node name="MobileEnemy" parent="First Floor/1stEnemies" node_paths=PackedStringArray("path_points") instance=ExtResource("9_tiv3e")]
transform = Transform3D(-1, 0, -8.74228e-08, 0, 1, 0, 8.74228e-08, 0, -1, 0, 12, 16.8672)
path_points = [NodePath("../MobilePath1/Point1"), NodePath("../MobilePath1/Point2"), NodePath("../MobilePath1/Point3")]
loop_path = true
add_start_pos_to_path = true

[node name="MobilePath1" type="Node3D" parent="First Floor/1stEnemies"]
transform = Transform3D(-1, 0, -8.74228e-08, 0, 1, 0, 8.74228e-08, 0, -1, 0, 12, 16.8275)

[node name="Point1" type="Node3D" parent="First Floor/1stEnemies/MobilePath1"]
transform = Transform3D(1, 0, 0, 0, 1, 0, 0, 0, 1, 7, 0, 3)

[node name="Point2" type="Node3D" parent="First Floor/1stEnemies/MobilePath1"]
transform = Transform3D(1, 0, 0, 0, 1, 0, 0, 0, 1, 0, 0, 7)

[node name="Point3" type="Node3D" parent="First Floor/1stEnemies/MobilePath1"]
transform = Transform3D(1, 0, 0, 0, 1, 0, 0, 0, 1, -7, 0, 3)

[node name="Stairs" type="CSGCombiner3D" parent="First Floor"]
use_collision = true

[node name="Mesh" type="CSGCylinder3D" parent="First Floor/Stairs"]
transform = Transform3D(1, 0, 0, 0, 1, 0, 0, 0, 1, 0, 5.5, 0)
radius = 26.0
height = 11.0
sides = 28

[node name="CentralCut" type="CSGCylinder3D" parent="First Floor/Stairs"]
transform = Transform3D(1, 0, 0, 0, 1, 0, 0, 0, 1, 0, 5.5, 0)
operation = 2
radius = 22.0
height = 11.0
sides = 28

[node name="RampCut" type="CSGBox3D" parent="First Floor/Stairs"]
transform = Transform3D(1, 0, 0, 0, 0.976296, 0.21644, 0, -0.21644, 0.976296, 0, 12, 0)
operation = 2
size = Vector3(60, 10, 60)

[node name="EntryCut" type="CSGBox3D" parent="First Floor/Stairs"]
transform = Transform3D(1, 0, 0, 0, 1, 0, 0, 0, 1, 0, 5, 22.1657)
operation = 2
size = Vector3(10, 11, 8)

[node name="Jump1" type="CSGBox3D" parent="First Floor/Stairs"]
transform = Transform3D(0.887011, 0, -0.461749, 0, 1, 0, 0.461749, 0, 0.887011, -20.1382, 2.5, -12)
operation = 2
size = Vector3(6, 8, 4)

[node name="Jump2" type="CSGBox3D" parent="First Floor/Stairs"]
transform = Transform3D(0.887011, 0, 0.461749, 0, 1, 0, -0.461749, 0, 0.887011, -20, 5, 12)
operation = 2
size = Vector3(6, 11, 6)

[node name="JumpDash" type="CSGBox3D" parent="First Floor/Stairs"]
transform = Transform3D(1, 0, 0, 0, 1, 0, 0, 0, 1, 21.5, 5, -3)
operation = 2
size = Vector3(9, 10, 16)

[node name="Landing" type="CSGCombiner3D" parent="First Floor"]
use_collision = true

[node name="CentralLanding" type="CSGPolygon3D" parent="First Floor/Landing"]
transform = Transform3D(-4.37114e-08, 0, -1, 0, 1, 0, 1, 0, -4.37114e-08, -4, 0, -23)
polygon = PackedVector2Array(0, 0, 0, 2, 10, 2, 15, 0)
depth = 8.0

[node name="StairLanding" type="CSGCylinder3D" parent="First Floor/Landing"]
transform = Transform3D(1, 0, 0, 0, 1, 0, 0, 0, 1, 0, 1, 0)
radius = 26.0
sides = 28

[node name="CylinderCut" type="CSGCylinder3D" parent="First Floor/Landing/StairLanding"]
operation = 2
radius = 22.0
sides = 28

[node name="LandingStop" type="CSGBox3D" parent="First Floor/Landing/StairLanding"]
transform = Transform3D(1, 0, 0, 0, 1, 0, 0, 0, 1, 0, 0, 10)
operation = 2
size = Vector3(55, 3, 55)

[node name="Archway" type="CSGCombiner3D" parent="First Floor"]
use_collision = true

[node name="Mesh" type="CSGBox3D" parent="First Floor/Archway"]
transform = Transform3D(1, 0, 0, 0, 1, 0, 0, 0, 1, 0, 5, 23)
size = Vector3(10, 10, 5)

[node name="ArchCut" type="CSGCylinder3D" parent="First Floor/Archway/Mesh"]
transform = Transform3D(1, 0, 0, 0, -4.37114e-08, -1, 0, 1, -4.37114e-08, 0, 0, 0)
operation = 2
radius = 3.5
height = 5.5
sides = 12

[node name="BoxCut" type="CSGBox3D" parent="First Floor/Archway/Mesh"]
transform = Transform3D(1, 0, 0, 0, 1, 0, 0, 0, 1, 0, -2.5, 0)
operation = 2
size = Vector3(7, 5, 5.5)

[node name="Columns" type="Node3D" parent="First Floor"]

[node name="Column1" parent="First Floor/Columns" instance=ExtResource("8_j6044")]
transform = Transform3D(1.87939, 0, -0.68404, 0, 2, 0, 0.68404, 0, 1.87939, 5.5, 0, -19.5)

[node name="Column2" parent="First Floor/Columns" instance=ExtResource("8_j6044")]
transform = Transform3D(1.41421, 0, -1.41421, 0, 2, 0, 1.41421, 0, 1.41421, 14.5, 0, -14.5)

[node name="Column3" parent="First Floor/Columns" instance=ExtResource("8_j6044")]
transform = Transform3D(1.87939, 0, 0.68404, 0, 2, 0, -0.68404, 0, 1.87939, 19.5, 0, -5.5)

[node name="Column4" parent="First Floor/Columns" instance=ExtResource("8_j6044")]
transform = Transform3D(0.670904, 0.229616, 1.87008, 0, 1.98509, -0.243739, -1.88412, 0.0817625, 0.665904, 19.5, 0, 5.5)

[node name="Column5" parent="First Floor/Columns" instance=ExtResource("8_j6044")]
transform = Transform3D(1.41421, 0, -1.41421, 0, 2, 0, 1.41421, 0, 1.41421, 14.5, 0, 14.5)

[node name="Column6" parent="First Floor/Columns" instance=ExtResource("8_j6044")]
transform = Transform3D(1.87939, 0, 0.68404, 0, 2, 0, -0.68404, 0, 1.87939, 5.5, 0, 19.5)

[node name="Column7" parent="First Floor/Columns" instance=ExtResource("8_j6044")]
transform = Transform3D(1.87939, 0, -0.68404, 0, 2, 0, 0.68404, 0, 1.87939, -5.5, 0, 19.5)

[node name="Column8" parent="First Floor/Columns" instance=ExtResource("8_j6044")]
transform = Transform3D(1.41421, 0, 1.41421, 0, 2, 0, -1.41421, 0, 1.41421, -14.5, 0, 14.5)

[node name="Column9" parent="First Floor/Columns" instance=ExtResource("8_j6044")]
transform = Transform3D(1.87939, 0, 0.68404, 0, 2, 0, -0.68404, 0, 1.87939, -19.5, 0, 5.5)

[node name="Column10" parent="First Floor/Columns" instance=ExtResource("8_j6044")]
transform = Transform3D(1.87939, 0, -0.68404, 0, 2, 0, 0.68404, 0, 1.87939, -19.5, 0, -5.5)

[node name="Column11" parent="First Floor/Columns" instance=ExtResource("8_j6044")]
transform = Transform3D(1.41421, 0, -1.41421, 0, 2, 0, 1.41421, 0, 1.41421, -14.5, 0, -14.5)

[node name="Column12" parent="First Floor/Columns" instance=ExtResource("8_j6044")]
transform = Transform3D(1.87939, 0, 0.68404, 0, 2, 0, -0.68404, 0, 1.87939, -5.5, 0, -19.5)

[node name="Second Floor" type="Node3D" parent="."]
transform = Transform3D(1, 0, 0, 0, 1, 0, 0, 0, 1, 0, 10.5, 0)

[node name="2ndFloorInner" type="CSGCombiner3D" parent="Second Floor"]
use_collision = true

[node name="Mesh" type="CSGCylinder3D" parent="Second Floor/2ndFloorInner"]
radius = 22.0
height = 1.0
sides = 28

[node name="CentralCut" type="CSGCylinder3D" parent="Second Floor/2ndFloorInner/Mesh"]
operation = 2
radius = 14.0
height = 1.0
sides = 28

[node name="LandingCut" type="CSGBox3D" parent="Second Floor/2ndFloorInner/Mesh"]
transform = Transform3D(1, 0, 0, 0, 1, 0, 0, 0, 1, 0, 0, 20)
operation = 2
size = Vector3(7, 3.5, 5)

[node name="Hole1" type="CSGBox3D" parent="Second Floor/2ndFloorInner"]
transform = Transform3D(0.980057, -0.000275058, 0.198714, 0.00139692, 0.999984, -0.00550546, -0.19871, 0.00567325, 0.980042, 15.8207, 0.000922203, 9.1864)
operation = 2
size = Vector3(3.65009, 1.1, 4.25232)

[node name="Hole2" type="CSGBox3D" parent="Second Floor/2ndFloorInner"]
transform = Transform3D(0.881608, 0, 0.471982, 0, 1, 0, -0.471982, 0, 0.881608, 18.6329, -9.53674e-07, 6.21601)
operation = 2
size = Vector3(6.7695, 1.1, 4.53409)

[node name="Hole3" type="CSGBox3D" parent="Second Floor/2ndFloorInner"]
transform = Transform3D(0.988964, 0, -0.148155, 0, 1, 0, 0.148155, 0, 0.988964, 14.5438, -9.53674e-07, 5.9146)
operation = 2
size = Vector3(6.65771, 1.1, 5.55261)

[node name="Hole4" type="CSGBox3D" parent="Second Floor/2ndFloorInner"]
transform = Transform3D(0.88428, 0, -0.466958, 0, 1, 0, 0.466958, 0, 0.88428, -11.1517, 0, -8.9052)
operation = 2
size = Vector3(4.15781, 1.1, 6.22263)

[node name="Hole5" type="CSGBox3D" parent="Second Floor/2ndFloorInner"]
transform = Transform3D(0.959972, 0, 0.280097, 0, 1, 0, -0.280097, 0, 0.959972, -12.6445, 0, -10.9066)
operation = 2
size = Vector3(3.19165, 1.1, 5.5343)

[node name="Hole6" type="CSGBox3D" parent="Second Floor/2ndFloorInner"]
transform = Transform3D(0.948495, 0, -0.316792, 0, 1, 0, 0.316792, 0, 0.948495, -15.0495, 0, -11.3817)
operation = 2
size = Vector3(4, 1.1, 2.27832)

[node name="2ndFloorOuter" type="CSGCombiner3D" parent="Second Floor"]
use_collision = true

[node name="MainMesh" type="CSGCylinder3D" parent="Second Floor/2ndFloorOuter"]
radius = 31.0
height = 1.0
sides = 28

[node name="CentralCut" type="CSGCylinder3D" parent="Second Floor/2ndFloorOuter/MainMesh"]
operation = 2
radius = 26.0
height = 1.1
sides = 28

[node name="SubMesh" type="CSGCylinder3D" parent="Second Floor/2ndFloorOuter"]
radius = 26.0
height = 1.0
sides = 28

[node name="CentralCut" type="CSGCylinder3D" parent="Second Floor/2ndFloorOuter/SubMesh"]
operation = 2
radius = 22.0
height = 1.1
sides = 28

[node name="StairCut" type="CSGBox3D" parent="Second Floor/2ndFloorOuter/SubMesh"]
transform = Transform3D(1, 0, 0, 0, 1, 0, 0, 0, 1, 0, 0, 14)
operation = 2
size = Vector3(55, 1.1, 25)

[node name="2ndLanding" type="CSGCylinder3D" parent="Second Floor/2ndFloorOuter"]
transform = Transform3D(1, 0, 0, 0, 1, 0, 0, 0, 1, 0, 0, 21)
radius = 7.0
height = 1.0
sides = 14

[node name="2ndColumns" type="Node3D" parent="Second Floor"]
transform = Transform3D(1, 0, 0, 0, 1, 0, 0, 0, 1, 0, 0.5, 0)

[node name="Column1" parent="Second Floor/2ndColumns" instance=ExtResource("8_j6044")]
transform = Transform3D(1.87939, 0, -0.68404, 0, 2, 0, 0.68404, 0, 1.87939, 5.5, 0, -19.5)

[node name="Column2" parent="Second Floor/2ndColumns" instance=ExtResource("8_j6044")]
transform = Transform3D(1.41421, 0.64204, -1.26007, 0, 1.78201, 0.907979, 1.41421, -0.64204, 1.26007, 14.5, 0, -14.5)

[node name="Column3" parent="Second Floor/2ndColumns" instance=ExtResource("8_j6044")]
transform = Transform3D(0.627986, -1.89769, 0.066269, 0, -0.0697989, -1.99879, 1.89885, 0.627602, -0.0219164, 19.5, 0.7, -5.5)

[node name="Column4" parent="Second Floor/2ndColumns" instance=ExtResource("8_j6044")]
transform = Transform3D(0.785639, -1.83923, 8.03955e-08, -9.34881e-17, -8.74228e-08, -2, 1.83924, 0.785637, -3.43414e-08, 16.6149, -10.697, 5.17907)

[node name="Column5" parent="Second Floor/2ndColumns" instance=ExtResource("8_j6044")]
transform = Transform3D(1.41421, 0, -1.41421, 0, 2, 0, 1.41421, 0, 1.41421, 14.5, 0, 14.5)

[node name="Column6" parent="Second Floor/2ndColumns" instance=ExtResource("8_j6044")]
transform = Transform3D(1.87939, 0, 0.68404, 0, 2, 0, -0.68404, 0, 1.87939, 5.5, 0, 19.5)

[node name="Column7" parent="Second Floor/2ndColumns" instance=ExtResource("8_j6044")]
transform = Transform3D(1.87939, 0, -0.68404, 0, 2, 0, 0.68404, 0, 1.87939, -5.5, 0, 19.5)

[node name="Column8" parent="Second Floor/2ndColumns" instance=ExtResource("8_j6044")]
transform = Transform3D(1.41421, 0, 1.41421, 0, 2, 0, -1.41421, 0, 1.41421, -14.5, 0, 14.5)

[node name="Column9" parent="Second Floor/2ndColumns" instance=ExtResource("8_j6044")]
transform = Transform3D(1.87939, 0, 0.68404, 0, 2, 0, -0.68404, 0, 1.87939, -19.5, 0, 5.5)

[node name="Column10" parent="Second Floor/2ndColumns" instance=ExtResource("8_j6044")]
transform = Transform3D(1.87939, -0.118782, -0.67365, 0, 1.96962, -0.347297, 0.684042, 0.326352, 1.85084, -19.5, 0, -5.5)

[node name="Column11" parent="Second Floor/2ndColumns" instance=ExtResource("8_j6044")]
transform = Transform3D(1.56734, -0.321544, 1.20002, 0, 1.93185, 0.517637, -1.24235, -0.405658, 1.51393, -14.5, 0, -14.5)

[node name="Column12" parent="Second Floor/2ndColumns" instance=ExtResource("8_j6044")]
transform = Transform3D(1.87939, 0, 0.68404, 0, 2, 0, -0.68404, 0, 1.87939, -5.5, 0, -19.5)

[node name="Bookcases" type="Node3D" parent="Second Floor"]
transform = Transform3D(1, 0, 0, 0, 1, 0, 0, 0, 1, 0, 0.5, 0)

[node name="Bookcase1" parent="Second Floor/Bookcases" instance=ExtResource("11_fqk5l")]
transform = Transform3D(0.979764, 0, -0.200154, 0, 1, 0, 0.200154, 0, 0.979764, -23.4652, 0, -0.0909581)

[node name="Bookcase2" parent="Second Floor/Bookcases" instance=ExtResource("11_fqk5l")]
transform = Transform3D(0.581001, -0.210653, -0.786169, 0, 0.965926, -0.258819, 0.813902, 0.150374, 0.561204, -19.3612, 0, -0.283874)

[node name="Bookcase3" parent="Second Floor/Bookcases" instance=ExtResource("11_fqk5l")]
transform = Transform3D(0.797584, -0.156122, 0.582654, 0, 0.965926, 0.258819, -0.603208, -0.20643, 0.770407, -15.9319, 0, 1.79385)

[node name="Bookcase4" parent="Second Floor/Bookcases" instance=ExtResource("11_fqk5l")]
transform = Transform3D(-0.695913, -0.621916, 0.359063, 0, 0.5, 0.866025, -0.718126, 0.602678, -0.347956, -16.0244, 0.433733, -9.26876)

[node name="Bookcase5" parent="Second Floor/Bookcases" instance=ExtResource("11_fqk5l")]
transform = Transform3D(-2.45146e-09, -0.0560828, 0.998426, 1, -4.37114e-08, 4.79101e-15, 4.36426e-08, 0.998426, 0.0560828, -13.7486, 2.06706, -6.14911)

[node name="Bookcase6" parent="Second Floor/Bookcases" instance=ExtResource("11_fqk5l")]
transform = Transform3D(0.293857, -0.165982, 0.941328, 5.93421e-09, 0.984808, 0.173648, -0.955849, -0.0510277, 0.289392, -22.5452, 0, -8.84852)

[node name="Bookcase7" parent="Second Floor/Bookcases" instance=ExtResource("11_fqk5l")]
transform = Transform3D(0.5, 0, -0.866025, 0, 1, 0, 0.866025, 0, 0.5, -12.1099, 0, -20.4611)

[node name="Bookcase8" parent="Second Floor/Bookcases" instance=ExtResource("11_fqk5l")]
transform = Transform3D(0.5, 0, -0.866025, 0, 1, 0, 0.866025, 0, 0.5, -10.0384, 0, -16.8569)

[node name="Bookcase9" parent="Second Floor/Bookcases" instance=ExtResource("11_fqk5l")]
transform = Transform3D(-4.37114e-08, 0, -1, 0, 1, 0, 1, 0, -4.37114e-08, -0.0304341, 0, -20.3741)

[node name="Bookcase10" parent="Second Floor/Bookcases" instance=ExtResource("11_fqk5l")]
transform = Transform3D(-4.37114e-08, 0, -1, 0, 1, 0, 1, 0, -4.37114e-08, -0.0732146, 0, -16.2173)

[node name="Bookcase11" parent="Second Floor/Bookcases" instance=ExtResource("11_fqk5l")]
transform = Transform3D(-0.552243, 0, -0.833683, 0, 1, 0, 0.833683, 0, -0.552243, 12.529, -9.53674e-07, -19.698)

[node name="Bookcase12" parent="Second Floor/Bookcases" instance=ExtResource("11_fqk5l")]
transform = Transform3D(-0.552243, 0, -0.833683, 0, 1, 0, 0.833683, 0, -0.552243, 10.1978, -9.53674e-07, -16.2562)

[node name="Bookcase13" parent="Second Floor/Bookcases" instance=ExtResource("11_fqk5l")]
transform = Transform3D(-0.809427, -0.508548, -0.29361, 3.93977e-08, 0.5, -0.866025, 0.58722, -0.700984, -0.404713, 19.1325, 0, -10.465)

[node name="Bookcase14" parent="Second Floor/Bookcases" instance=ExtResource("11_fqk5l")]
transform = Transform3D(4.34908e-08, -0.994953, -0.100344, -1, -4.37114e-08, 0, -4.38619e-09, 0.100344, -0.994953, 15.6631, 2.02082, -7.9424)

[node name="Bookcase15" parent="Second Floor/Bookcases" instance=ExtResource("11_fqk5l")]
transform = Transform3D(0.101056, 0.994881, 4.34876e-08, 0, -4.37114e-08, 1, 0.99488, -0.101056, -4.41731e-09, 20.3972, 0.5, -0.944204)

[node name="2ndEnemies" type="Node3D" parent="Second Floor"]
transform = Transform3D(1, 0, 0, 0, 1, 0, 0, 0, 1, 0, 0.5, 0)

[node name="MobileEnemy" parent="Second Floor/2ndEnemies" node_paths=PackedStringArray("path_points") instance=ExtResource("9_tiv3e")]
transform = Transform3D(1, 0, 0, 0, 1, 0, 0, 0, 1, 18.2376, 0, 0.430007)
path_points = [NodePath("../1stPath1")]
add_start_pos_to_path = true

[node name="1stPath1" type="Node3D" parent="Second Floor/2ndEnemies"]
transform = Transform3D(1, 0, 0, 0, 1, 0, 0, 0, 1, 13.8226, 0, 12.9319)

[node name="MobileEnemy2" parent="Second Floor/2ndEnemies" node_paths=PackedStringArray("path_points") instance=ExtResource("9_tiv3e")]
transform = Transform3D(1, 0, 0, 0, 1, 0, 0, 0, 1, 6.79593, 0, -22.7109)
path_points = [NodePath("../2ndPath1"), NodePath("../2ndPath2"), NodePath("../2ndPath3")]
loop_path = true
add_start_pos_to_path = true

[node name="2ndPath1" type="Node3D" parent="Second Floor/2ndEnemies"]
transform = Transform3D(1, 0, 0, 0, 1, 0, 0, 0, 1, 2.11569, -9.53674e-07, -20.8947)

[node name="2ndPath2" type="Node3D" parent="Second Floor/2ndEnemies"]
transform = Transform3D(1, 0, 0, 0, 1, 0, 0, 0, 1, 4.6332, 0, -16.4279)

[node name="2ndPath3" type="Node3D" parent="Second Floor/2ndEnemies"]
transform = Transform3D(1, 0, 0, 0, 1, 0, 0, 0, 1, 8.35731, -9.53674e-07, -17.9228)

[node name="MobileEnemy3" parent="Second Floor/2ndEnemies" node_paths=PackedStringArray("path_points") instance=ExtResource("9_tiv3e")]
transform = Transform3D(1, 0, 0, 0, 1, 0, 0, 0, 1, -4.97542, -9.53674e-07, -15.7115)
path_points = [NodePath("../3rdPath1"), NodePath("../3rdPath2"), NodePath("../3rdPath3")]
loop_path = true
add_start_pos_to_path = true

[node name="3rdPath1" type="Node3D" parent="Second Floor/2ndEnemies"]
transform = Transform3D(1, 0, 0, 0, 1, 0, 0, 0, 1, -2.54751, 0, -19.4229)

[node name="3rdPath2" type="Node3D" parent="Second Floor/2ndEnemies"]
transform = Transform3D(1, 0, 0, 0, 1, 0, 0, 0, 1, -6.54362, 0, -23.3845)

[node name="3rdPath3" type="Node3D" parent="Second Floor/2ndEnemies"]
transform = Transform3D(1, 0, 0, 0, 1, 0, 0, 0, 1, -7.85352, -9.53674e-07, -18.4684)

[node name="BasicEnemy" parent="Second Floor/2ndEnemies" instance=ExtResource("9_ixssy")]
transform = Transform3D(1, 0, 0, 0, 1, 0, 0, 0, 1, 9.67, 8, -15.532)

[node name="BasicEnemy2" parent="Second Floor/2ndEnemies" instance=ExtResource("9_ixssy")]
transform = Transform3D(1, 0, 0, 0, 1, 0, 0, 0, 1, -10.414, 8, -16.981)

[node name="2ndStairs" type="CSGCombiner3D" parent="Second Floor"]
transform = Transform3D(1, 0, 0, 0, 1, 0, 0, 0, 1, 0, 0.5, 0)
use_collision = true

[node name="Mesh" type="CSGCylinder3D" parent="Second Floor/2ndStairs"]
transform = Transform3D(1, 0, 0, 0, 1, 0, 0, 0, 1, 0, 5.5, 0)
radius = 30.0
height = 11.0
sides = 28

[node name="CentralCut" type="CSGCylinder3D" parent="Second Floor/2ndStairs"]
transform = Transform3D(1, 0, 0, 0, 1, 0, 0, 0, 1, 0, 5.5, 0)
operation = 2
radius = 26.0
height = 11.0
sides = 28

[node name="RampCut" type="CSGBox3D" parent="Second Floor/2ndStairs"]
transform = Transform3D(1, 0, 0, 0, 0.976296, -0.21644, 0, 0.21644, 0.976296, -0.165245, 12.713, 0.493406)
operation = 2
size = Vector3(80, 15, 85)

[node name="BreakLeft" type="CSGBox3D" parent="Second Floor/2ndStairs"]
transform = Transform3D(0.813101, -0.101085, 0.573279, 0, 0.984808, 0.173648, -0.582123, -0.141193, 0.800748, -24, 3, 11)
operation = 2
size = Vector3(10, 11, 20)

[node name="BreakRight" type="CSGBox3D" parent="Second Floor/2ndStairs"]
transform = Transform3D(0.939693, -0.0885213, -0.330366, 0, 0.965926, -0.258819, 0.34202, 0.24321, 0.907673, 27, 5, 2.5)
operation = 2
size = Vector3(15, 15, 10)

[node name="BreakRight2" type="CSGBox3D" parent="Second Floor/2ndStairs"]
transform = Transform3D(0.965926, 0.0669873, -0.25, 0, 0.965926, 0.258819, 0.258819, -0.25, 0.933013, 26, 5, -4.5)
operation = 2
size = Vector3(15, 15, 10)

[node name="OuterWall" type="CSGCombiner3D" parent="Second Floor"]
transform = Transform3D(1, 0, 0, 0, 1, 0, 0, 0, 1, 0, 0.5, 0)
use_collision = true

[node name="Mesh" type="CSGCylinder3D" parent="Second Floor/OuterWall"]
transform = Transform3D(1, 0, 0, 0, 1, 0, 0, 0, 1, 0, 5, 0)
radius = 31.0
height = 10.0
sides = 28

[node name="CentralCut" type="CSGCylinder3D" parent="Second Floor/OuterWall"]
transform = Transform3D(1, 0, 0, 0, 1, 0, 0, 0, 1, 0, 5.5, 0)
operation = 2
radius = 30.0
height = 11.0
sides = 28

[node name="LandingCut3" type="CSGBox3D" parent="Second Floor/OuterWall"]
transform = Transform3D(1, 0, 0, 0, 1, 0, 0, 0, 1, 0, 5, 21.898)
visible = false
operation = 2
size = Vector3(60, 11, 40)

[node name="LandingCut" type="CSGBox3D" parent="Second Floor/OuterWall"]
transform = Transform3D(0.906308, 0, -0.422618, 0, 1, 0, 0.422618, 0, 0.906308, -9.36652, 5, 30.817)
visible = false
operation = 2
size = Vector3(10, 11, 20)

[node name="LandingCut2" type="CSGBox3D" parent="Second Floor/OuterWall"]
transform = Transform3D(0.976296, 0, 0.21644, 0, 1, 0, -0.21644, 0, 0.976296, -0.297962, 5, 32.329)
visible = false
operation = 2
size = Vector3(15, 11, 20)

[node name="Third Floor" type="Node3D" parent="."]
